139397;2674;1550756221360790863;1550756221445638630
69301;2625;1550922176874682024;1550922177206022291
16000000;16000000;1552045449410491912;1552045449678294292
65728;3632;1552058403444542356;1552058403749331032
4086228;3632;1552140661443277724;1552140661795737838
9400728;3632;1552383976294165730;1552383976624468071
830609;0;1552466894398620810;1552466894682820505
10422109;0;1552578948049767783;1552578948353743971
14134609;0;1552637041690745189;1552637041941747596
16000000;0;1552755213262818629;1552755213506173460
139687;2577;1553024101413623060;1553024101691326678
5245187;2577;1553069881403943348;1553069881657910608
16000000;16000000;1553245562710665679;1553245563318566874
545059;1808;1553672952551852282;1553672959002501332
563559;1808;1553672989434182830;1553672989595745998
887500;0;1553674872958561683;1553674873192756208
6340000;0;1553687943578382536;1553687948133456290
6385500;0;1553688034528313857;1553688034779110305
1670726;808;1553786671135773279;1553786671513421250
241610;1434;1553862817137250923;1553862817493426959
10052610;1434;1553951461525929141;1553951461759664568
999453;627;1554054405743503067;1554054406135606353
16000000;16000000;1554066734611349282;1554066734770909738
